-0.143095
0.180687
0.070080
-0.032870
-0.008922
-0.041954
0.017897
-0.074134
0.231406
-0.020305
0.277448
-0.067662
-0.194643
-0.125845
0.078253
0.104314
-0.121429
-0.103675
-0.095820
-0.101781
0.088148
0.024511
0.035299
0.066199
-0.185315
-0.407415
-0.090030
-0.147209
0.069217
-0.084028
0.013572
0.018696
-0.242591
-0.127764
-0.016458
0.064804
0.010822
0.016567
0.124479
-0.032554
-0.160988
-0.008997
0.053034
0.207171
0.148161
0.094348
0.032489
-0.012680
0.046286
-0.148180
0.098074
0.092941
0.122846
0.027184
0.180567
-0.193741
-0.058273
0.068263
-0.172737
0.057487
0.019409
-0.004612
-0.056044
-0.054218
0.177533
0.035403
-0.078836
-0.119812
0.140257
-0.082543
0.021371
0.131703
-0.105248
-0.180187
-0.317997
0.118263
0.399490
0.095851
-0.179265
0.037643
-0.073881
-0.037264
-0.003093
-0.017634
-0.072059
0.038422
-0.123926
0.066637
0.108558
0.023399
-0.027568
0.221013
-0.097618
0.059231
-0.039534
0.024730
-0.155625
0.026756
-0.090225
-0.044525
0.115894
-0.020272
-0.047374
0.076252
-0.208208
0.093981
0.014293
-0.006499
-0.073243
0.084347
-0.144060
-0.002915
0.154856
-0.272970
0.193065
0.170011
-0.040306
0.139413
0.078953
0.000398
0.041709
-0.014951
-0.182783
-0.068512
0.077119
-0.082070
0.047408
0.052699
